<!DOCTYPE html>
<html xmlns="http://www.w3.org/1999/xhtml" lang="en" xml:lang="en"><head>

<meta charset="utf-8">
<meta name="generator" content="quarto-1.3.450">

<meta name="viewport" content="width=device-width, initial-scale=1.0, user-scalable=yes">

<meta name="author" content="Izeldeen Nedal Yunis Al Fraijat">
<meta name="author" content="Danat Semeneev">
<meta name="author" content="Ieva Žube">
<meta name="author" content="Pankaj Chattri">
<meta name="author" content="Kristaps Eglītis">
<meta name="dcterms.date" content="2023-11-13">
<meta name="keywords" content="AA1, AA2">

<title>Student dropout analysis based on previously acquired educational achievements: A case of the University of Portalegre</title>
<style>
code{white-space: pre-wrap;}
span.smallcaps{font-variant: small-caps;}
div.columns{display: flex; gap: min(4vw, 1.5em);}
div.column{flex: auto; overflow-x: auto;}
div.hanging-indent{margin-left: 1.5em; text-indent: -1.5em;}
ul.task-list{list-style: none;}
ul.task-list li input[type="checkbox"] {
  width: 0.8em;
  margin: 0 0.8em 0.2em -1em; /* quarto-specific, see https://github.com/quarto-dev/quarto-cli/issues/4556 */ 
  vertical-align: middle;
}
</style>


<script src="report_AzadhdhinNedalYunisAlFraijat_files/libs/clipboard/clipboard.min.js"></script>
<script src="report_AzadhdhinNedalYunisAlFraijat_files/libs/quarto-html/quarto.js"></script>
<script src="report_AzadhdhinNedalYunisAlFraijat_files/libs/quarto-html/popper.min.js"></script>
<script src="report_AzadhdhinNedalYunisAlFraijat_files/libs/quarto-html/tippy.umd.min.js"></script>
<script src="report_AzadhdhinNedalYunisAlFraijat_files/libs/quarto-html/anchor.min.js"></script>
<link href="report_AzadhdhinNedalYunisAlFraijat_files/libs/quarto-html/tippy.css" rel="stylesheet">
<link href="report_AzadhdhinNedalYunisAlFraijat_files/libs/quarto-html/quarto-syntax-highlighting.css" rel="stylesheet" id="quarto-text-highlighting-styles">
<script src="report_AzadhdhinNedalYunisAlFraijat_files/libs/bootstrap/bootstrap.min.js"></script>
<link href="report_AzadhdhinNedalYunisAlFraijat_files/libs/bootstrap/bootstrap-icons.css" rel="stylesheet">
<link href="report_AzadhdhinNedalYunisAlFraijat_files/libs/bootstrap/bootstrap.min.css" rel="stylesheet" id="quarto-bootstrap" data-mode="light">
<script src="https://cdnjs.cloudflare.com/ajax/libs/require.js/2.3.6/require.min.js" integrity="sha512-c3Nl8+7g4LMSTdrm621y7kf9v3SDPnhxLNhcjFJbKECVnmZHTdo+IRO05sNLTH/D3vA6u1X32ehoLC7WFVdheg==" crossorigin="anonymous"></script>
<script src="https://cdnjs.cloudflare.com/ajax/libs/jquery/3.5.1/jquery.min.js" integrity="sha512-bLT0Qm9VnAYZDflyKcBaQ2gg0hSYNQrJ8RilYldYQ1FxQYoCLtUjuuRuZo+fjqhx/qtq/1itJ0C2ejDxltZVFg==" crossorigin="anonymous"></script>
<script type="application/javascript">define('jquery', [],function() {return window.jQuery;})</script>
<script type="text/javascript">
window.PlotlyConfig = {MathJaxConfig: 'local'};
if (window.MathJax && window.MathJax.Hub && window.MathJax.Hub.Config) {window.MathJax.Hub.Config({SVG: {font: "STIX-Web"}});}
if (typeof require !== 'undefined') {
require.undef("plotly");
requirejs.config({
    paths: {
        'plotly': ['https://cdn.plot.ly/plotly-2.26.0.min']
    }
});
require(['plotly'], function(Plotly) {
    window._Plotly = Plotly;
});
}
</script>



</head>

<body>

<div id="quarto-content" class="page-columns page-rows-contents page-layout-article">
<div id="quarto-margin-sidebar" class="sidebar margin-sidebar">
<div class="quarto-alternate-formats"><h2>Other Formats</h2><ul><li><a href="report_AzadhdhinNedalYunisAlFraijat.pdf"><i class="bi bi-file-pdf"></i>PDF</a></li></ul></div></div>
<main class="content" id="quarto-document-content">

<header id="title-block-header" class="quarto-title-block default">
<div class="quarto-title">
<h1 class="title">Student dropout analysis based on previously acquired educational achievements: A case of the University of Portalegre</h1>
<p class="subtitle lead">Business Analysis, Business Informatics Ms, Fall 2023.</p>
</div>



<div class="quarto-title-meta">

    <div>
    <div class="quarto-title-meta-heading">Authors</div>
    <div class="quarto-title-meta-contents">
             <p>Izeldeen Nedal Yunis Al Fraijat </p>
             <p>Danat Semeneev </p>
             <p>Ieva Žube </p>
             <p>Pankaj Chattri </p>
             <p>Kristaps Eglītis<a href="#fn3" class="footnote-ref" id="fnref3" role="doc-noteref"><sup>3</sup></a> </p>
          </div>
  </div>
    
    <div>
    <div class="quarto-title-meta-heading">Published</div>
    <div class="quarto-title-meta-contents">
      <p class="date">November 13, 2023</p>
    </div>
  </div>
  
    
  </div>
  
<div>
  <div class="abstract">
    <div class="abstract-title">Abstract</div>
    .
  </div>
</div>

</header>

<section id="abstract" class="level2">
<h2 class="anchored" data-anchor-id="abstract">Abstract</h2>
<p>In the world of education, the path to success is often visualized as a linear progression, where students follow a predefined journey from kindergarten to graduation. However, the reality is far more complex. Various reasons lead students to choose to deviate from this path. These students have encountered different challenges, circumstances, or a lack of proper resources that have led them to drop out of university.</p>
<p>In this dataset provided to us, we will delve deeper into understanding the reasons why students have dropped out of the university, based on the data at our disposal. We will leverage our social knowledge to comprehend the factors that influenced their decision to drop out and work to prevent such occurrences if the issues are within the university’s purview. Our goal is to offer solutions, support, and the necessary resources to facilitate students’ educational journeys. We will also use the analysis we’ve conducted on the dropout students to learn from their experiences and chart a unique educational pathway with fewer dropouts.</p>
<div class="cell" data-execution_count="12">
<div class="cell-output cell-output-display">

<div>                            <div id="bc9d0dd2-a6fa-4105-b868-e89de42886cf" class="plotly-graph-div" style="height:525px; width:100%;"></div>            <script type="text/javascript">                require(["plotly"], function(Plotly) {                    window.PLOTLYENV=window.PLOTLYENV || {};                                    if (document.getElementById("bc9d0dd2-a6fa-4105-b868-e89de42886cf")) {                    Plotly.newPlot(                        "bc9d0dd2-a6fa-4105-b868-e89de42886cf",                        [{"coloraxis":"coloraxis","name":"0","texttemplate":"%{z}","x":["Curricular units 1st sem (credited)","Curricular units 1st sem (enrolled)","Curricular units 1st sem (evaluations)","Curricular units 1st sem (approved)","Curricular units 1st sem (grade)","Curricular units 1st sem (without evaluations)","Curricular units 2nd sem (credited)","Curricular units 2nd sem (enrolled)","Curricular units 2nd sem (evaluations)","Curricular units 2nd sem (approved)","Curricular units 2nd sem (grade)","Curricular units 2nd sem (without evaluations)","Admission grade","Age at enrollment"],"y":["Curricular units 1st sem (credited)","Curricular units 1st sem (enrolled)","Curricular units 1st sem (evaluations)","Curricular units 1st sem (approved)","Curricular units 1st sem (grade)","Curricular units 1st sem (without evaluations)","Curricular units 2nd sem (credited)","Curricular units 2nd sem (enrolled)","Curricular units 2nd sem (evaluations)","Curricular units 2nd sem (approved)","Curricular units 2nd sem (grade)","Curricular units 2nd sem (without evaluations)","Admission grade","Age at enrollment"],"z":[[1.0,0.7743441891168907,0.5429194409628322,0.6283944209937361,0.12297756544859746,0.11626205372108628,0.9448110366582683,0.6448259027030505,0.4278450802088311,0.49047788935501724,0.132970562858128,0.0552563412001735,0.04082898289577255,0.22683679948115995],[0.7743441891168907,1.0,0.6802196375654419,0.769083476682414,0.37699587978553795,0.12933687886237138,0.7537467053534795,0.9426266930159156,0.5995667041335393,0.6733405210551677,0.361958914227541,0.06954735323090114,-0.033250916792122644,0.141326780294382],[0.5429194409628322,0.6802196375654419,1.0,0.5223961492004164,0.41803818158968253,0.2418004689885121,0.5221865341498273,0.6118417395322455,0.7788631362482356,0.44226525161467234,0.35503589002968433,0.13429591306128036,-0.07205871868718794,0.13991139313497103],[0.6283944209937361,0.769083476682414,0.5223961492004164,1.0,0.6961132697921096,-0.013359722071233907,0.607661190432812,0.7337718828670945,0.5399343455592988,0.9040021013038977,0.685560189674104,-0.05398299584633268,0.0708922414635286,-0.05340477494309682],[0.12297756544859746,0.37699587978553795,0.41803818158968253,0.6961132697921096,1.0,-0.07166049583576635,0.11393731377774283,0.40616666706749577,0.4872356143456792,0.6733349328302894,0.8371697405958282,-0.06607617624641966,0.07386842182217486,-0.15661584876292517],[0.11626205372108628,0.12933687886237138,0.2418004689885121,-0.013359722071233907,-0.07166049583576635,1.0,0.11735929392542885,0.10992421076576113,0.14468296726338822,-0.013069885058411676,-0.06148225817767258,0.583261072853247,0.009032613174677646,0.05746978072869088],[0.9448110366582683,0.7537467053534795,0.5221865341498273,0.607661190432812,0.11393731377774283,0.11735929392542885,1.0,0.6762578285189875,0.4309777595060241,0.519081053312466,0.12976991943309726,0.07014834324370763,0.040224868796335606,0.207560675719649],[0.6448259027030505,0.9426266930159156,0.6118417395322455,0.7337718828670945,0.40616666706749577,0.10992421076576113,0.6762578285189875,1.0,0.6048210804385712,0.7032580730157256,0.3951348923898404,0.0676974759487647,-0.04187802229635745,0.0859139685099593],[0.4278450802088311,0.5995667041335393,0.7788631362482356,0.5399343455592988,0.4872356143456792,0.14468296726338822,0.4309777595060241,0.6048210804385712,1.0,0.4635354771881338,0.45339403294190045,0.14487739683594467,-0.05713176691108976,0.056286328109963694],[0.49047788935501724,0.6733405210551677,0.44226525161467234,0.9040021013038977,0.6733349328302894,-0.013069885058411676,0.519081053312466,0.7032580730157256,0.4635354771881338,1.0,0.7608041759691462,-0.061566713846746626,0.07665935848713464,-0.11205177787810376],[0.132970562858128,0.361958914227541,0.35503589002968433,0.685560189674104,0.8371697405958282,-0.06148225817767258,0.12976991943309726,0.3951348923898404,0.45339403294190045,0.7608041759691462,1.0,-0.07921597498060896,0.07440152994542035,-0.17341895553689504],[0.0552563412001735,0.06954735323090114,0.13429591306128036,-0.05398299584633268,-0.06607617624641966,0.583261072853247,0.07014834324370763,0.0676974759487647,0.14487739683594467,-0.061566713846746626,-0.07921597498060896,1.0,-0.01325436463576865,0.061653859350190285],[0.04082898289577255,-0.033250916792122644,-0.07205871868718794,0.0708922414635286,0.07386842182217486,0.009032613174677646,0.040224868796335606,-0.04187802229635745,-0.05713176691108976,0.07665935848713464,0.07440152994542035,-0.01325436463576865,1.0,-0.02991535667400824],[0.22683679948115995,0.141326780294382,0.13991139313497103,-0.05340477494309682,-0.15661584876292517,0.05746978072869088,0.207560675719649,0.0859139685099593,0.056286328109963694,-0.11205177787810376,-0.17341895553689504,0.061653859350190285,-0.02991535667400824,1.0]],"type":"heatmap","xaxis":"x","yaxis":"y","hovertemplate":"x: %{x}\u003cbr\u003ey: %{y}\u003cbr\u003ecolor: %{z}\u003cextra\u003e\u003c\u002fextra\u003e"}],                        {"template":{"data":{"histogram2dcontour":[{"type":"histogram2dcontour","colorbar":{"outlinewidth":0,"ticks":""},"colorscale":[[0.0,"#0d0887"],[0.1111111111111111,"#46039f"],[0.2222222222222222,"#7201a8"],[0.3333333333333333,"#9c179e"],[0.4444444444444444,"#bd3786"],[0.5555555555555556,"#d8576b"],[0.6666666666666666,"#ed7953"],[0.7777777777777778,"#fb9f3a"],[0.8888888888888888,"#fdca26"],[1.0,"#f0f921"]]}],"choropleth":[{"type":"choropleth","colorbar":{"outlinewidth":0,"ticks":""}}],"histogram2d":[{"type":"histogram2d","colorbar":{"outlinewidth":0,"ticks":""},"colorscale":[[0.0,"#0d0887"],[0.1111111111111111,"#46039f"],[0.2222222222222222,"#7201a8"],[0.3333333333333333,"#9c179e"],[0.4444444444444444,"#bd3786"],[0.5555555555555556,"#d8576b"],[0.6666666666666666,"#ed7953"],[0.7777777777777778,"#fb9f3a"],[0.8888888888888888,"#fdca26"],[1.0,"#f0f921"]]}],"heatmap":[{"type":"heatmap","colorbar":{"outlinewidth":0,"ticks":""},"colorscale":[[0.0,"#0d0887"],[0.1111111111111111,"#46039f"],[0.2222222222222222,"#7201a8"],[0.3333333333333333,"#9c179e"],[0.4444444444444444,"#bd3786"],[0.5555555555555556,"#d8576b"],[0.6666666666666666,"#ed7953"],[0.7777777777777778,"#fb9f3a"],[0.8888888888888888,"#fdca26"],[1.0,"#f0f921"]]}],"heatmapgl":[{"type":"heatmapgl","colorbar":{"outlinewidth":0,"ticks":""},"colorscale":[[0.0,"#0d0887"],[0.1111111111111111,"#46039f"],[0.2222222222222222,"#7201a8"],[0.3333333333333333,"#9c179e"],[0.4444444444444444,"#bd3786"],[0.5555555555555556,"#d8576b"],[0.6666666666666666,"#ed7953"],[0.7777777777777778,"#fb9f3a"],[0.8888888888888888,"#fdca26"],[1.0,"#f0f921"]]}],"contourcarpet":[{"type":"contourcarpet","colorbar":{"outlinewidth":0,"ticks":""}}],"contour":[{"type":"contour","colorbar":{"outlinewidth":0,"ticks":""},"colorscale":[[0.0,"#0d0887"],[0.1111111111111111,"#46039f"],[0.2222222222222222,"#7201a8"],[0.3333333333333333,"#9c179e"],[0.4444444444444444,"#bd3786"],[0.5555555555555556,"#d8576b"],[0.6666666666666666,"#ed7953"],[0.7777777777777778,"#fb9f3a"],[0.8888888888888888,"#fdca26"],[1.0,"#f0f921"]]}],"surface":[{"type":"surface","colorbar":{"outlinewidth":0,"ticks":""},"colorscale":[[0.0,"#0d0887"],[0.1111111111111111,"#46039f"],[0.2222222222222222,"#7201a8"],[0.3333333333333333,"#9c179e"],[0.4444444444444444,"#bd3786"],[0.5555555555555556,"#d8576b"],[0.6666666666666666,"#ed7953"],[0.7777777777777778,"#fb9f3a"],[0.8888888888888888,"#fdca26"],[1.0,"#f0f921"]]}],"mesh3d":[{"type":"mesh3d","colorbar":{"outlinewidth":0,"ticks":""}}],"scatter":[{"fillpattern":{"fillmode":"overlay","size":10,"solidity":0.2},"type":"scatter"}],"parcoords":[{"type":"parcoords","line":{"colorbar":{"outlinewidth":0,"ticks":""}}}],"scatterpolargl":[{"type":"scatterpolargl","marker":{"colorbar":{"outlinewidth":0,"ticks":""}}}],"bar":[{"error_x":{"color":"#2a3f5f"},"error_y":{"color":"#2a3f5f"},"marker":{"line":{"color":"#E5ECF6","width":0.5},"pattern":{"fillmode":"overlay","size":10,"solidity":0.2}},"type":"bar"}],"scattergeo":[{"type":"scattergeo","marker":{"colorbar":{"outlinewidth":0,"ticks":""}}}],"scatterpolar":[{"type":"scatterpolar","marker":{"colorbar":{"outlinewidth":0,"ticks":""}}}],"histogram":[{"marker":{"pattern":{"fillmode":"overlay","size":10,"solidity":0.2}},"type":"histogram"}],"scattergl":[{"type":"scattergl","marker":{"colorbar":{"outlinewidth":0,"ticks":""}}}],"scatter3d":[{"type":"scatter3d","line":{"colorbar":{"outlinewidth":0,"ticks":""}},"marker":{"colorbar":{"outlinewidth":0,"ticks":""}}}],"scattermapbox":[{"type":"scattermapbox","marker":{"colorbar":{"outlinewidth":0,"ticks":""}}}],"scatterternary":[{"type":"scatterternary","marker":{"colorbar":{"outlinewidth":0,"ticks":""}}}],"scattercarpet":[{"type":"scattercarpet","marker":{"colorbar":{"outlinewidth":0,"ticks":""}}}],"carpet":[{"aaxis":{"endlinecolor":"#2a3f5f","gridcolor":"white","linecolor":"white","minorgridcolor":"white","startlinecolor":"#2a3f5f"},"baxis":{"endlinecolor":"#2a3f5f","gridcolor":"white","linecolor":"white","minorgridcolor":"white","startlinecolor":"#2a3f5f"},"type":"carpet"}],"table":[{"cells":{"fill":{"color":"#EBF0F8"},"line":{"color":"white"}},"header":{"fill":{"color":"#C8D4E3"},"line":{"color":"white"}},"type":"table"}],"barpolar":[{"marker":{"line":{"color":"#E5ECF6","width":0.5},"pattern":{"fillmode":"overlay","size":10,"solidity":0.2}},"type":"barpolar"}],"pie":[{"automargin":true,"type":"pie"}]},"layout":{"autotypenumbers":"strict","colorway":["#636efa","#EF553B","#00cc96","#ab63fa","#FFA15A","#19d3f3","#FF6692","#B6E880","#FF97FF","#FECB52"],"font":{"color":"#2a3f5f"},"hovermode":"closest","hoverlabel":{"align":"left"},"paper_bgcolor":"white","plot_bgcolor":"#E5ECF6","polar":{"bgcolor":"#E5ECF6","angularaxis":{"gridcolor":"white","linecolor":"white","ticks":""},"radialaxis":{"gridcolor":"white","linecolor":"white","ticks":""}},"ternary":{"bgcolor":"#E5ECF6","aaxis":{"gridcolor":"white","linecolor":"white","ticks":""},"baxis":{"gridcolor":"white","linecolor":"white","ticks":""},"caxis":{"gridcolor":"white","linecolor":"white","ticks":""}},"coloraxis":{"colorbar":{"outlinewidth":0,"ticks":""}},"colorscale":{"sequential":[[0.0,"#0d0887"],[0.1111111111111111,"#46039f"],[0.2222222222222222,"#7201a8"],[0.3333333333333333,"#9c179e"],[0.4444444444444444,"#bd3786"],[0.5555555555555556,"#d8576b"],[0.6666666666666666,"#ed7953"],[0.7777777777777778,"#fb9f3a"],[0.8888888888888888,"#fdca26"],[1.0,"#f0f921"]],"sequentialminus":[[0.0,"#0d0887"],[0.1111111111111111,"#46039f"],[0.2222222222222222,"#7201a8"],[0.3333333333333333,"#9c179e"],[0.4444444444444444,"#bd3786"],[0.5555555555555556,"#d8576b"],[0.6666666666666666,"#ed7953"],[0.7777777777777778,"#fb9f3a"],[0.8888888888888888,"#fdca26"],[1.0,"#f0f921"]],"diverging":[[0,"#8e0152"],[0.1,"#c51b7d"],[0.2,"#de77ae"],[0.3,"#f1b6da"],[0.4,"#fde0ef"],[0.5,"#f7f7f7"],[0.6,"#e6f5d0"],[0.7,"#b8e186"],[0.8,"#7fbc41"],[0.9,"#4d9221"],[1,"#276419"]]},"xaxis":{"gridcolor":"white","linecolor":"white","ticks":"","title":{"standoff":15},"zerolinecolor":"white","automargin":true,"zerolinewidth":2},"yaxis":{"gridcolor":"white","linecolor":"white","ticks":"","title":{"standoff":15},"zerolinecolor":"white","automargin":true,"zerolinewidth":2},"scene":{"xaxis":{"backgroundcolor":"#E5ECF6","gridcolor":"white","linecolor":"white","showbackground":true,"ticks":"","zerolinecolor":"white","gridwidth":2},"yaxis":{"backgroundcolor":"#E5ECF6","gridcolor":"white","linecolor":"white","showbackground":true,"ticks":"","zerolinecolor":"white","gridwidth":2},"zaxis":{"backgroundcolor":"#E5ECF6","gridcolor":"white","linecolor":"white","showbackground":true,"ticks":"","zerolinecolor":"white","gridwidth":2}},"shapedefaults":{"line":{"color":"#2a3f5f"}},"annotationdefaults":{"arrowcolor":"#2a3f5f","arrowhead":0,"arrowwidth":1},"geo":{"bgcolor":"white","landcolor":"#E5ECF6","subunitcolor":"white","showland":true,"showlakes":true,"lakecolor":"white"},"title":{"x":0.05},"mapbox":{"style":"light"}}},"xaxis":{"anchor":"y","domain":[0.0,1.0],"scaleanchor":"y","constrain":"domain"},"yaxis":{"anchor":"x","domain":[0.0,1.0],"autorange":"reversed","constrain":"domain"},"coloraxis":{"colorscale":[[0.0,"#0d0887"],[0.1111111111111111,"#46039f"],[0.2222222222222222,"#7201a8"],[0.3333333333333333,"#9c179e"],[0.4444444444444444,"#bd3786"],[0.5555555555555556,"#d8576b"],[0.6666666666666666,"#ed7953"],[0.7777777777777778,"#fb9f3a"],[0.8888888888888888,"#fdca26"],[1.0,"#f0f921"]]},"margin":{"t":60}},                        {"responsive": true}                    ).then(function(){
                            
var gd = document.getElementById('bc9d0dd2-a6fa-4105-b868-e89de42886cf');
var x = new MutationObserver(function (mutations, observer) {{
        var display = window.getComputedStyle(gd).display;
        if (!display || display === 'none') {{
            console.log([gd, 'removed!']);
            Plotly.purge(gd);
            observer.disconnect();
        }}
}});

// Listen for the removal of the full notebook cells
var notebookContainer = gd.closest('#notebook-container');
if (notebookContainer) {{
    x.observe(notebookContainer, {childList: true});
}}

// Listen for the clearing of the current output cell
var outputEl = gd.closest('.output');
if (outputEl) {{
    x.observe(outputEl, {childList: true});
}}

                        })                };                });            </script>        </div>
</div>
</div>
<p>This was the visualization for the</p>
<div class="cell" data-execution_count="17">
<div class="cell-output cell-output-error">
<pre><code>NameError: name 'columns' is not defined</code></pre>
</div>
</div>
<div class="cell" data-execution_count="18">
<div class="cell-output cell-output-error">
<pre><code>NameError: name 'qual_columns' is not defined</code></pre>
</div>
</div>
</section>
<section id="exploratory-data-analysis" class="level2">
<h2 class="anchored" data-anchor-id="exploratory-data-analysis">Exploratory Data Analysis</h2>
<div class="cell" data-execution_count="29">
<div class="cell-output cell-output-display">
<pre><code>Unable to display output for mime type(s): application/vnd.plotly.v1+json</code></pre>
</div>
</div>
<p>We can see that the points for the 1st semester and 2nd semester are correlated which shows that are one’s marks are primary drivers of success and exhibit sizeable correlations</p>
<div class="cell" data-execution_count="21">
<div class="cell-output cell-output-display">

